128 128
77777711111111111111111111111111111111111111111111111111111111111111111111111111111111111111111111111111111116333333333333336111
77777111111111111111111111111111111111111111111111111111111111111111111111111111111111111111111111111111111111633333333333361111
77771111111111111111111111111111111111111111111111111111111111111111111111111111111111111111111111111111111111633333333333611111
77771111111111111111111111111111111111111111111111111111111111111111111111111111111111111111111111111111111111663333333333611111
77711111111111111111111111111111111111111111111111111111111111111111111111111111111111111111111111111111111111163333333336111111
77711111111111111111111111111111111111111111111111111111111111111111111111111111111111111111111111111111111111163333333366111111
77711111111111111111111111111111111111111111111111111111111111111111111111111111111111111111111111111111111111163333333611111111
17771111111111111111111111111111111111111111111111111111111111111111111111111111111111111111111111111111111111663333336111111111
17771111111111111111111111111111111111111111111111111111111111111111111111111111111111111111111111111111111111633333336111111111
11777111111111111111111111111111111111111111111111111111111111111177777777111111111111111111111111111111111111633333361111111111
11777111111111111111111111111111111111111111111111111111111111177777777777777711111111111111111111111111111111633333611111111111
11177711111111111111111111111111111111111111111111111111111177777777777777777771111111111111111111111111111116333336111111111111
11117771111111111111111111111111111111111111111111111111117777777777111111777777111111111111111111111111111163333336111111111111
11117777111111111111111111111111111111111111111111111111177777711117111111111177111111111111111111111111111633333336111111111111
11111777711111111111111111111111111111111111111111111111777711111111111111111117711111111111111111111111116333333361111111111111
11111177777111111111111111111111111111111111111111111117771111111111111111111117711111111111111111111111116333333361111111111111
11111111777711111111111111111111111111111111111111111177711111111111111111111117771111111111111111111111116333333611111111111111
11111111177777711111111111111111111111111111111111111777711111111111111111111111771111111111111111111111116333336111111111111111
11111111111777771111111111111111111111111111111111117777111111111111111111111111177111111111111111111111163333361111111111111111
11111111111117777711111111111111111111111111111111117771111111111111111111111111177777111111111111111111163333611111111111111111
11111111111111177777711111111111111111111111111111177711111111111111111111111111777777711111111111111111163333611111111111111111
11111111111111111777777111111111111111111111111111777111111111111111111111111117771117777111111111111111116333611111111111111111
11111111111111111117777777111111111111111111111111777111111111111111111111111177711111777711111111111111116333611111111111111111
11111111111111111111177777777111111111111111111111777111111111111111111111117777111111177777777711111111163336111111111111111116
11111111111111111111111777777771111111111111111111777111111111111111111111117771111111111777777771111111163336111111111111111163
11111111111111111111111117777771111111111111111111777111111111111111111111177711111111111117777777111111633361111111111111111163
11111111111111111111111111777777771111111111111111177111111111111111111111777111111111111111111777771111633361111111111111111633
11111111111111111111111111177777777111111111111111177111111111111111111111771111111111111111111177777111633336611111111111116333
11111111111111111111111111117777777777111111111111177111111111111111111111771111111111111111111117777711633333661111111111163333
11111111111111111111111111117771777777771111111111177111111111111111111117711111111111111111111111177226333333336111111111633333
11111111111111111111111111111771171777777711111111177111111111111111111117711111111111111111111111112223333363333611111166333333
11111111111111111111111111111771111111177777111111177111111111111111111117711111111111111111111111112222336616333361666633333333
11111111111111111111111111111771111111117777711111777111111111111111111177111111111111111111111111116222361111633336333333333333
11111111111111111111111111111771111111111177777777777711111111111111111177111111111111111111111111163322261111163333333333333333
11111111111111111111111111111777111111111111777777777777777711111111111777111111111111111111111116633322221111116333333333333333
11111111111111111111111111111177111111111111117777777777777771111111111771111111111111111111111663333362221111111633333333333333
11111111111111111111111111111177111111111111111117777777777777771111177711111111111111111111166333333611277111111166633333333333
11111111111111111111111111111177111111111111111111111111117777777111777711111111111111111111633333366111177711111111166663333333
11111111111111111111111111111177111111111111111111111111111177777717777111111111111111111116333336611111117771111111111116333333
11111111111111111111111111111177111111111111111111111111111177777777771111111111111111111166333661111111111771111111111111666333
11111111111111111111111111111117711111111111111111111111111117777777711111111111111111111163336111111111111177111111111111111633
11111111111111111111111111111117711111111111111111111111111111777771111111111111111111116633361111111111111177111111111111111663
11111111111111111111111111111117711111111111111111111111111111727711111111111111111111116333611111111111111117711111111111111116
11111111111111111111111111111117711111111111111111111111111166772761111111111111111111116336111111111111111117711111111111111111
11111111111111111111111111111117711111111111111111111111666663422436111116666611111111163361111111111111111117711111111111111111
11111111111111111111111111111117711111111111111111111116633333422436666663333611111111163361111111111111111117711111111111111111
11111111111111111111111111111117711111111111111111111116333333422433633333333611111666633611111111111111111117711111111111111111
11111111111111111111111111111117711111111111111111111663333333422433333333333361666333333611111111111111111117711111111111111111
11111111111111111111111111111117711111111111111111116333333333422433333333333336333333336111111111111111111117711111111111111111
11111111111111111111111111111117711111111111111111163333333333422433333333333333333333361111111111111111111117711111111111111111
11111111111111111111111111111177711111111111111116633333333333422433333333333333333366661111111111111111111117711111111111111111
11111111111111111111111111111177111111111111111663333333333333422433333333333333336611111111111111111111111117711111111111111111
11111111111111111111111111111177111111111111111633333333333333422433333333333333361111111111111111111111111117771111111111111111
11111111111111111111111111111177711111111111111633333334444444422444444443333333661111111111111111111111111117771111111111111111
11111111111111111111111111111177711111111111111633333334222222222222222243333333361111111111111111111111111177771111111111111111
11111111111111111111111111111177711111111111116333333334222222222222222243333333361111111111111111111111111177771111111111111111
11111111111111111111111111111177711111111111116333333334222222222222222243333333611111111111111111111111111777771111111111111111
11111111111111111111111111111177771111111111116333333334222222222222222243333333611111111111111111111111117777771111111111111111
11111111111111111111111111111177777111111111116333333334222222222222222243333333611111111111111111111171777771771111111111111111
11111111111111111111111111111117777711111111116333333334222222222222222243333333361111111111111111117777777711771111111111111111
11111111111111111111111111111177777777777777777633333334222222222222222243333333361111111111111111777777777111771111111111111111
11111111111111111111111111111777777777777777777444444444222222111122222244444444477111177777777777777111111111177111111111111111
11111111111111111111111111111777177777777777772222222222222222133122222222222222222777777777777777771111111111177111111111111111
11111111111111111111111111117777117777771111772222222222222222133122222222222222222777777711111111111111111111177111111111111111
11111111111111111111111111177711111111111111177444444444222222111122222244444444477171111111111111111111111111177711111111111111
11111111111111111111111111777111111111111111117633333334222222222222222243333333611111111111111111111111111111177711111111111111
11111111111111111111111111777111111111111111111633333334222222222222222243333333611111111111111111111111111111117711111111111111
11111111111111111111111117771111111111111111111663333334222222222222222243333336611111111111111111111111111111117771111111111111
11111111111111111111111177711111111111111111111163333334222222222222222243333336111111111111111111111111111111111771111111111111
11111111111111111111111177111111111111111111111163333334222222222222222243333336111111111111111111111111111111111777111111111111
11111111111111111111111777111111111111111111111166333334222222222222222243333336111111111111111111111111111111111177111111111111
11111111111111111111117771111111111111111111111116333334222222222222222243333361111111111111111111111111111111111177111111111111
11111111111111111111177771111111111111111111111116633334444444422444444443333611111111111111111111111111111111111177711111111111
11111111111111111111777711111111111111111111111111633333333333422433333333333611111111111111111111111111111111111117711111111111
41111111111111111177777111111111111111111111111111163333333333422433333333333611111111111111111111111111111111111117771111111111
41111111111111111777771111111111111111111111111111163333333333422433333333336111111111111111111111111111111111111111771111111111
24111111111111117777111111111111111111111111111111163333333333422433333333366111111111111111111111111111111111111111777111111111
22411111111111177711111111111111111111111111111111116633333333422433333333661111111111111111111111111111111111111111177111111111
22411111111111777111111111111111111111111111111111111163333333422433333336111111111111111111111111111111111111111111177111111111
22241111117177777111111111111111111111111111111111111166633333422433366666111111111111111111111111111111111111111111177711111111
22277777777777777711111111111111111111111111111111111111663333422436611111111111111111111111111111111111111111111111117711111111
22227777777777777771111111111111111111111111111111111111116666422466111111111111111111111111111111111111111111111111117771111111
22221111111111177777111111111111111111111111111111111111111111722711111111111111111111111111111111111111111111111111111777111111
22241111111111111777711111111111111111111111111111111111111111722711111111111111111111111111111111111111111111111111111177111111
22411111111111111117777777711111111111111111111111111111111111177711111111111111111111111111111111111111111111111111111177111111
24111111111111111111777777771111111111111111111111111111111111177711111111111111111111111111111111111111111111111111111177711111
41111111111111111111111117777711111111111111111111111111111111177711111111111111111111111111111111111111111111111111111117711111
11111111111111111111111111177777111111111111111111111111111111117777111111111111111111111111111111111111111111111111111117771111
11111111111111111111111111111777771111111111111111111111111111117777111111111111111111111111111111111111111111111111111117771111
11111111111111111111111111111117777111111111111111111111111111111777111111111111111111111111111111111111111111111111111117771111
11111111111111111111111111111111777777711111111111111111111111111177711111111111111111111111111111111111111111111111111117777711
11111111111111111111111111111111117777777777771111111111111111111117711111111111111111111111111111111111111111111111111177777711
11111111111111111111111111111111111111777777777711111111111111111117771111111111111111111111111111111111111111111111111177777771
61111111111111111111111111111111111111111177777777111111111111111117777111111111111111111111111111111111111111111111117777777711
36111111111111111111111111111111111111111111111777711111111111111111777711111111111111111111111111111111111111111111117777717771
36111111111111111111111111111111111111111111111117777111111111111111117777111111111111111111111111111111111111111111177771111777
33611111111111111111111111111111111111111111111111177777111111111111177777711111111111111111111111111111111111111177777711111777
33611111111111111111111111111111111111111111111111111777777777771171777777777111111111111111111111111111111111111177777111111777
33361111111111111111111111111111111111111111111111111117777777777777777111777711111111111111111111111111111111117777771111111777
33361111111111111111111111111111111111111111111111111111111111777777777711177771111111111111111111111111111111177777711111111777
33336111111111111111111111111111111111111111111111111111111111111777771111117777111111111111111111111111111117777771111111111177
33336111111111111111111111111111111111111111111111111111111111111111111111111777771111111111111111111111777777777111111111111177
33336111111111111111111111111111111111111111111111111111111111111111111111111177777771111111111111111117777777711111111111111117
33361111111111111111111111111111111111111111111111111111111111111111111111111117777777777111111771777777777711111111111111111111
33361111111111111111111111111111111111111111111111111111111111111111111111111111117777777777777777777777111111111111111111111111
33336111111111111111111111111111111111111111111111111111111111111111111111111111111111177777777777711111111111111111111111111116
33336111111111111111111111111111111111111111111111111111111111111111111111111111111111111111111111111111111111111111111111111163
33361111111111111111111111111111111111111111111111111111111111111111111111111111111111111111111111111111111111111111111111111163
33611111111111111111111111111111111111111111111111111111111111111111111111111111111111111111111111111111111111111111111111111633
33611111111111111111111111111111111111111111111111111111111111111111111111111111111111111111111111111111111111111111111111116333
33611111111111111111111111111111111111111111111111111111111111111111111111111111111111111111111111111111111111111111111111116333
33611111111111111111111111111111111111111111111111111111111111111111111111111111111111111111111111111111111111111111111111116333
36111111111111111111111111111111111111111111111111111111111111111111111111111111111111111111111111111111111111111111111111116333
36111111111111111111111111111111111111111111111111111111111111111111111111111111111111111111111111111111111111111111111111116333
36111111111111111111111111111111111111111111111111111111111111111111111111111111111111111111111111111111111111111111111111111633
36111111111111111111111111111111111111111111111111111111111111111111111111111111111111111111111111111111111111111111111111111633
36111111111111111111111111111111111111111111111111111111111111111111111111111111111111111111111111111111111111111111111111111633
36111111111111111111111111111111111111111111111111111111111111111111111111111111111111111111111111111111111111111111111111111633
33611111111111111111111111111111111111111111111111111111111111111111111111111111111111111111111111111111111111111111111111111633
33611111111111111111111111111111111111111111111111111111111111111111111111111111111111111111111111111111111111111111111111111633
33611111111111111111111111111111111111111111111111111111111111111111111111111111111111111111111111111111111111111111161111111163
33611111111111111111111111111111111111111111111111111111111111111111111166166111111111111111111111111111111111111111636161611163
33361111111111111111666611111111111111111111111111111111111111111111111636633611111111111111111111111111111111116666333636366633
33366111111111111116333366111111111111111111111111111111111111111111166333333361111111111111111111111111111111163363333333363333
33333611111111116663333333661111111111111111111111111111111111111166633333333336666116111111111111111111111116633333333333333333
33333366666616663333333333336611111111111111111111111111111111111633333333333333336663611111111111111111111163333333333333333333
33333333633363333333333333333661111111111111111111111111111111166333333333333333333333366111111111111111111633333333333333333333
33333333333333333333333333333361111111111111111111111111111111633333333333333333333333333611111111111111116333333333333333333333
